0 55 63 59 -1
1 55 54 -1
4 55 -1
2 63 54 -1
3 59 -1
5 63 -1
8 69 54 -1
7 57 -1
11 71 54 -1
9 57 -1
13 71 54 -1
10 72 73 74 75 -1
12 72 73 74 -1
6 77 -1
15 79 82 57 55 110 106 85 67 108 54 -1
16 79 82 57 55 110 106 85 67 108 54 -1
17 79 82 -1
22 57 84 90 -1
24 67 54 -1
18 57 67 85 -1
25 57 -1
27 83 67 -1
28 83 -1
29 67 -1
31 84 57 -1
26 67 85 -1
32 67 54 -1
33 57 -1
34 71 54 -1
30 88 80 57 84 90 89 91 92 -1
36 88 89 -1
35 80 57 84 90 91 92 -1
39 95 96 54 -1
38 80 57 84 90 91 92 -1
41 97 98 99 100 101 102 54 -1
37 80 57 84 90 -1
44 89 88 54 -1
43 80 57 84 90 -1
47 93 94 54 -1
46 80 57 84 90 -1
23 91 92 -1
45 89 88 -1
48 93 94 -1
40 95 96 -1
42 97 98 99 100 101 102 -1
19 55 -1
20 110 -1
49 103 -1
52 103 54 -1
51 84 91 92 -1
50 105 54 -1
21 106 108 -1
14 84 -1
