851 550 491 455 931 
550 224 111 
550 778 
224 694 832 639 480 
491 363 491 615 
491 778 
455 807 13 184 51 251 
363 640 832 639 745 960 372 207 865 195 504 479 401 615 
479 149 207 505 195 480 
479 778 
865 639 468 50 851 
788 471 639 468 50 851 
788 655 615 
505 639 468 674 360 
236 471 639 468 674 360 
236 922 
50 215 
50 890 
50 990 
50 214 207 245 195 839 674 615 
674 215 
674 890 
674 990 
401 952 398 252 
398 863 398 
398 778 
863 635 
863 513 
863 294 
863 616 
863 838 615 
248 896 419 639 407 480 
248 60 419 673 407 480 
248 60 419 980 407 480 
872 639 317 
679 778 
338 38 
338 448 
118 639 137 
154 247 647 
247 12 416 480 
620 207 222 195 12 416 504 615 
222 988 615 
222 639 615 
1001 974 481 832 639 892 240 289 504 615 
974 207 289 195 416 
974 655 615 
289 639 372 615 
372 471 639 372 615 
372 655 615 
416 766 
416 926 
534 482 419 766 582 
534 366 419 766 582 
534 482 240 
534 366 240 
418 691 157 
961 625 691 157 
961 778 
691 766 581 
691 593 
469 716 766 581 
469 755 615 
766 115 394 615 
394 722 115 1001 
394 655 615 
115 780 690 615 
690 30 780 174 
690 755 615 
780 419 766 582 
780 240 
673 639 732 
673 895 
673 901 615 
980 565 
980 275 
722 241 
722 482 615 
30 131 
30 788 615 
625 545 
625 851 615 
716 840 
716 617 
716 401 
716 178 
716 785 
716 805 615 
104 289 468 50 504 615 
735 407 419 639 407 952 865 273 10 615 
865 458 250 468 398 823 504 6 615 
6 458 250 468 398 823 504 213 
6 922 
250 895 
250 593 
376 468 398 823 480 
273 655 615 
838 139 419 639 649 245 407 952 398 252 
838 854 419 736 407 952 398 10 615 
245 988 37 988 
